0 0 0
0.25 0 0
0.5 0 0
0.75 0 0
1 0 0
1.25 0 0
1.5 0 0
1.75 0 0
2 0 0

0 0.25 0.0607
0.25 0.25 0.0612
0.5 0.25 0.0625
0.75 0.25 0.0637
1 0.25 0.0643
1.25 0.25 0.0637
1.5 0.25 0.0625
1.75 0.25 0.0612
2 0.25 0.0607

0 0.5 0.1205
0.25 0.5 0.1218
0.5 0.5 0.125
0.75 0.5 0.1282
1 0.5 0.1296
1.25 0.5 0.1282
1.5 0.5 0.125
1.75 0.5 0.1218
2 0.5 0.1205

0 0.75 0.1774
0.25 0.75 0.1804
0.5 0.75 0.1975
0.75 0.75 0.1946
1 0.75 0.1975
1.25 0.75 0.1946
1.5 0.75 0.1875
1.75 0.75 0.1804
2 0.75 0.1774

0 1 0.2286
0.25 1 0.2349
0.5 1 0.25
0.75 1 0.2651
1 1 0.2714
1.25 1 0.2651
1.5 1 0.25
1.75 1 0.2349
2 1 0.2286

0 1.25 0.2667
0.25 1.25 0.2809
0.5 1.25 0.3125
0.75 1.25 0.3441
1 1.25 0.3582
1.25 1.25 0.3441
1.5 1.25 0.3125
1.75 1.25 0.2809
2 1.25 0.2667

0 1.5 0.2767
0.25 1.5 0.3093
0.5 1.5 0.375
0.75 1.5 0.4407
1 1.5 0.4733
1.25 1.5 0.4407
1.5 1.5  0.375
1.75 1.5 0.3093
2 1.5 0.2767

0 1.75 0.2214
0.25 1.75 0.3046
0.5 1.75 0.4375
0.75 1.75 0.5704
1 1.75 0.6535
1.25 1.75 0.5704
1.5 1.75 0.4375
1.75 1.75 0.3046
2 1.75 0.2214


0 2 0
0.25 2 0.25
0.5 2 0.5
0.75 2 0.75
1 2 1
1.25 2 0.75
1.5 2 0.5
1.75 2 0.25
2 2 0