0   2   0
 0.125   2   0.125
 0.25   2   0.25
 0.375   2   0.375
 0.5   2   0.5
 0.625   2   0.625
 0.75   2   0.75
 0.875   2   0.875
 1   2   1
 1.125   2   0.875
 1.25   2   0.75
 1.375   2   0.625
 1.5   2   0.5
 1.625   2   0.375
 1.75   2   0.25
 1.875   2   0.125
 2   2   0

 0   1.875   0.164835
 0.125   1.875   0.209302
 0.25   1.875   0.285714
 0.375   1.875   0.375
 0.5   1.875   0.46875
 0.625   1.875   0.5625
 0.75   1.875   0.651852
 0.875   1.875   0.728261
 1   1.875   0.772727
 1.125   1.875   0.728261
 1.25   1.875   0.651852
 1.375   1.875   0.5625
 1.5   1.875   0.46875
 1.625   1.875   0.375
 1.75   1.875   0.285714
 1.875   1.875   0.209302
 2   1.875   0.164835

 0   1.75   0.240741
 0.125   1.75   0.261364
 0.25   1.75   0.308511
 0.375   1.75   0.37
 0.5   1.75   0.4375
 0.625   1.75   0.505051
 0.75   1.75   0.566667
 0.875   1.75   0.613636
 1   1.75   0.634146
 1.125   1.75   0.613636
 1.25   1.75   0.566667
 1.375   1.75   0.505051
 1.5   1.75   0.4375
 1.625   1.75   0.37
 1.75   1.75   0.308511
 1.875   1.75   0.261364
 2   1.75   0.240741

 0   1.625   0.275862
 0.125   1.625   0.287129
 0.25   1.625   0.317073
 0.375   1.625   0.358974
 0.5   1.625   0.40625
 0.625   1.625   0.453608
 0.75   1.625   0.495327
 0.875   1.625   0.525424
 1   1.625   0.537037
 1.125   1.625   0.525424
 1.25   1.625   0.495327
 1.375   1.625   0.453608
 1.5   1.625   0.40625
 1.625   1.625   0.358974
 1.75   1.625   0.317073
 1.875   1.625   0.287129
 2   1.625   0.275862

 0   1.5   0.287129
 0.125   1.5   0.294118
 0.25   1.5   0.314286
 0.375   1.5   0.342105
 0.5   1.5   0.375
 0.625   1.5   0.407407
 0.75   1.5   0.435897
 0.875   1.5   0.455696
 1   1.5   0.462963
 1.125   1.5   0.455696
 1.25   1.5   0.435897
 1.375   1.5   0.407407
 1.5   1.5   0.375
 1.625   1.5   0.342105
 1.75   1.5   0.314286
 1.875   1.5   0.294118
 2   1.5   0.287129

 0   1.375   0.284404
 0.125   1.375   0.288889
 0.25   1.375   0.302326
 0.375   1.375   0.321429
 0.5   1.375   0.34375
 0.625   1.375   0.365854
 0.75   1.375   0.385321
 0.875   1.375   0.398374
 1   1.375   0.402985
 1.125   1.375   0.398374
 1.25   1.375   0.385321
 1.375   1.375   0.365854
 1.5   1.375   0.34375
 1.625   1.375   0.321429
 1.75   1.375   0.302326
 1.875   1.375   0.288889
 2   1.375   0.284404

 0   1.25   0.27234
 0.125   1.25   0.27551
 0.25   1.25   0.284211
 0.375   1.25   0.297297
 0.5   1.25   0.3125
 0.625   1.25   0.327869
 0.75   1.25   0.340909
 0.875   1.25   0.349515
 1   1.25   0.352941
 1.125   1.25   0.349515
 1.25   1.25   0.340909
 1.375   1.25   0.327869
 1.5   1.25   0.3125
 1.625   1.25   0.297297
 1.75   1.25   0.284211
 1.875   1.25   0.27551
 2   1.25   0.27234

 0   1.125   0.253968
 0.125   1.125   0.25641
 0.25   1.125   0.261905
 0.375   1.125   0.270833
 0.5   1.125   0.28125
 0.625   1.125   0.291667
 0.75   1.125   0.300448
 0.875   1.125   0.306452
 1   1.125   0.308411
 1.125   1.125   0.306452
 1.25   1.125   0.300448
 1.375   1.125   0.291667
 1.5   1.125   0.28125
 1.625   1.125   0.270833
 1.75   1.125   0.261905
 1.875   1.125   0.25641
 2   1.125   0.253968

 0   1   0.231579
 0.125   1   0.23301
 0.25   1   0.236842
 0.375   1   0.243243
 0.5   1   0.25
 0.625   1   0.257143
 0.75   1   0.263158
 0.875   1   0.267016
 1   1   0.268293
 1.125   1   0.267016
 1.25   1   0.263158
 1.375   1   0.257143
 1.5   1   0.25
 1.625   1   0.243243
 1.75   1   0.236842
 1.875   1   0.23301
 2   1   0.231579

 0   0.875   0.206349
 0.125   0.875   0.207207
 0.25   0.875   0.209877
 0.375   0.875   0.214286
 0.5   0.875   0.21875
 0.625   0.875   0.223529
 0.75   0.875   0.227273
 0.875   0.875   0.230263
 1   0.875   0.231214
 1.125   0.875   0.230263
 1.25   0.875   0.227273
 1.375   0.875   0.223529
 1.5   0.875   0.21875
 1.625   0.875   0.214286
 1.75   0.875   0.209877
 1.875   0.875   0.207207
 2   0.875   0.206349

 0   0.75   0.179104
 0.125   0.75   0.179487
 0.25   0.75   0.181818
 0.375   0.75   0.184211
 0.5   0.75   0.1875
 0.625   0.75   0.190476
 0.75   0.75   0.193548
 0.875   0.75   0.195122
 1   0.75   0.196078
 1.125   0.75   0.195122
 1.25   0.75   0.193548
 1.375   0.75   0.190476
 1.5   0.75   0.1875
 1.625   0.75   0.184211
 1.75   0.75   0.181818
 1.875   0.75   0.179487
 2   0.75   0.179104

 0   0.625   0.150538
 0.125   0.625   0.150943
 0.25   0.625   0.152174
 0.375   0.625   0.153846
 0.5   0.625   0.15625
 0.625   0.625   0.158416
 0.75   0.625   0.16
 0.875   0.625   0.16129
 1   0.625   0.162162
 1.125   0.625   0.16129
 1.25   0.625   0.16
 1.375   0.625   0.158416
 1.5   0.625   0.15625
 1.625   0.625   0.153846
 1.75   0.625   0.152174
 1.875   0.625   0.150943
 2   0.625   0.150538

 0   0.5   0.121212
 0.125   0.5   0.121495
 0.25   0.5   0.122449
 0.375   0.5   0.123596
 0.5   0.5   0.125
 0.625   0.5   0.126437
 0.75   0.5   0.12766
 0.875   0.5   0.128205
 1   0.5   0.129032
 1.125   0.5   0.128205
 1.25   0.5   0.12766
 1.375   0.5   0.126437
 1.5   0.5   0.125
 1.625   0.5   0.123596
 1.75   0.5   0.122449
 1.875   0.5   0.121495
 2   0.5   0.121212

 0   0.375   0.0913462
 0.125   0.375   0.0915493
 0.25   0.375   0.0921053
 0.375   0.375   0.0930233
 0.5   0.375   0.09375
 0.625   0.375   0.0945946
 0.75   0.375   0.0952381
 0.875   0.375   0.0958904
 1   0.375   0.0961538
 1.125   0.375   0.0958904
 1.25   0.375   0.0952381
 1.375   0.375   0.0945946
 1.5   0.375   0.09375
 1.625   0.375   0.0930233
 1.75   0.375   0.0921053
 1.875   0.375   0.0915493
 2   0.375   0.0913462

 0   0.25   0.0612245
 0.125   0.25   0.0612245
 0.25   0.25   0.0615385
 0.375   0.25   0.0619469
 0.5   0.25   0.0625
 0.625   0.25   0.0630631
 0.75   0.25   0.0634921
 0.875   0.25   0.0638298
 1   0.25   0.0638298
 1.125   0.25   0.0638298
 1.25   0.25   0.0634921
 1.375   0.25   0.0630631
 1.5   0.25   0.0625
 1.625   0.25   0.0619469
 1.75   0.25   0.0615385
 1.875   0.25   0.0612245
 2   0.25   0.0612245

 0   0.125   0.030303
 0.125   0.125   0.0306122
 0.25   0.125   0.0307692
 0.375   0.125   0.03125
 0.5   0.125   0.03125
 0.625   0.125   0.03125
 0.75   0.125   0.031746
 0.875   0.125   0.0319149
 1   0.125   0.0319149
 1.125   0.125   0.0319149
 1.25   0.125   0.031746
 1.375   0.125   0.03125
 1.5   0.125   0.03125
 1.625   0.125   0.03125
 1.75   0.125   0.0307692
 1.875   0.125   0.0306122
 2   0.125   0.030303

 0   0   0
 0.125   0   0
 0.25   0   0
 0.375   0   0
 0.5   0   0
 0.625   0   0
 0.75   0   0
 0.875   0   0
 1   0   0
 1.125   0   0
 1.25   0   0
 1.375   0   0
 1.5   0   0
 1.625   0   0
 1.75   0   0
 1.875   0   0
 2   0   0