 0   2   0
 0.0625   2   0.0625
 0.125   2   0.125
 0.1875   2   0.1875
 0.25   2   0.25
 0.3125   2   0.3125
 0.375   2   0.375
 0.4375   2   0.4375
 0.5   2   0.5
 0.5625   2   0.5625
 0.625   2   0.625
 0.6875   2   0.6875
 0.75   2   0.75
 0.8125   2   0.8125
 0.875   2   0.875
 0.9375   2   0.9375
 1   2   1
 1.0625   2   0.9375
 1.125   2   0.875
 1.1875   2   0.8125
 1.25   2   0.75
 1.3125   2   0.6875
 1.375   2   0.625
 1.4375   2   0.5625
 1.5   2   0.5
 1.5625   2   0.4375
 1.625   2   0.375
 1.6875   2   0.3125
 1.75   2   0.25
 1.8125   2   0.1875
 1.875   2   0.125
 1.9375   2   0.0625
 2   2   0

 0   1.9375   0.109854
 0.0625   1.9375   0.132438
 0.125   1.9375   0.17184
 0.1875   1.9375   0.218603
 0.25   1.9375   0.269068
 0.3125   1.9375   0.321588
 0.375   1.9375   0.375301
 0.4375   1.9375   0.429686
 0.5   1.9375   0.484375
 0.5625   1.9375   0.539064
 0.625   1.9375   0.593449
 0.6875   1.9375   0.647162
 0.75   1.9375   0.699682
 0.8125   1.9375   0.750147
 0.875   1.9375   0.79691
 0.9375   1.9375   0.836312
 1   1.9375   0.858896
 1.0625   1.9375   0.836312
 1.125   1.9375   0.79691
 1.1875   1.9375   0.750147
 1.25   1.9375   0.699682
 1.3125   1.9375   0.647162
 1.375   1.9375   0.593449
 1.4375   1.9375   0.539064
 1.5   1.9375   0.484375
 1.5625   1.9375   0.429686
 1.625   1.9375   0.375301
 1.6875   1.9375   0.321588
 1.75   1.9375   0.269068
 1.8125   1.9375   0.218603
 1.875   1.9375   0.17184
 1.9375   1.9375   0.132438
 2   1.9375   0.109854

 0   1.875   0.174541
 0.0625   1.875   0.185557
 0.125   1.875   0.211321
 0.1875   1.875   0.246003
 0.25   1.875   0.286082
 0.3125   1.875   0.329484
 0.375   1.875   0.374931
 0.4375   1.875   0.421566
 0.5   1.875   0.46875
 0.5625   1.875   0.515934
 0.625   1.875   0.562569
 0.6875   1.875   0.608016
 0.75   1.875   0.651418
 0.8125   1.875   0.691497
 0.875   1.875   0.726179
 0.9375   1.875   0.751943
 1   1.875   0.762959
 1.0625   1.875   0.751943
 1.125   1.875   0.726179
 1.1875   1.875   0.691497
 1.25   1.875   0.651418
 1.3125   1.875   0.608016
 1.375   1.875   0.562569
 1.4375   1.875   0.515934
 1.5   1.875   0.46875
 1.5625   1.875   0.421566
 1.625   1.875   0.374931
 1.6875   1.875   0.329484
 1.75   1.875   0.286082
 1.8125   1.875   0.246003
 1.875   1.875   0.211321
 1.9375   1.875   0.185557
 2   1.875   0.174541

 0   1.8125   0.217195
 0.0625   1.8125   0.223927
 0.125   1.8125   0.241883
 0.1875   1.8125   0.268007
 0.25   1.8125   0.299772
 0.3125   1.8125   0.335335
 0.375   1.8125   0.373372
 0.4375   1.8125   0.412898
 0.5   1.8125   0.453125
 0.5625   1.8125   0.493352
 0.625   1.8125   0.532878
 0.6875   1.8125   0.570915
 0.75   1.8125   0.606478
 0.8125   1.8125   0.638243
 0.875   1.8125   0.664367
 0.9375   1.8125   0.682323
 1   1.8125   0.689055
 1.0625   1.8125   0.682323
 1.125   1.8125   0.664367
 1.1875   1.8125   0.638243
 1.25   1.8125   0.606478
 1.3125   1.8125   0.570915
 1.375   1.8125   0.532878
 1.4375   1.8125   0.493352
 1.5   1.8125   0.453125
 1.5625   1.8125   0.412898
 1.625   1.8125   0.373372
 1.6875   1.8125   0.335335
 1.75   1.8125   0.299772
 1.8125   1.8125   0.268007
 1.875   1.8125   0.241883
 1.9375   1.8125   0.223927
 2   1.8125   0.217195

 0   1.75   0.246387
 0.0625   1.75   0.251073
 0.125   1.75   0.264278
 0.1875   1.75   0.284369
 0.25   1.75   0.309665
 0.3125   1.75   0.338712
 0.375   1.75   0.370324
 0.4375   1.75   0.403531
 0.5   1.75   0.4375
 0.5625   1.75   0.471469
 0.625   1.75   0.504676
 0.6875   1.75   0.536288
 0.75   1.75   0.565335
 0.8125   1.75   0.590631
 0.875   1.75   0.610722
 0.9375   1.75   0.623927
 1   1.75   0.628613
 1.0625   1.75   0.623927
 1.125   1.75   0.610722
 1.1875   1.75   0.590631
 1.25   1.75   0.565335
 1.3125   1.75   0.536288
 1.375   1.75   0.504676
 1.4375   1.75   0.471469
 1.5   1.75   0.4375
 1.5625   1.75   0.403531
 1.625   1.75   0.370324
 1.6875   1.75   0.338712
 1.75   1.75   0.309665
 1.8125   1.75   0.284369
 1.875   1.75   0.264278
 1.9375   1.75   0.251073
 2   1.75   0.246387

 0   1.6875   0.266205
 0.0625   1.6875   0.269701
 0.125   1.6875   0.279786
 0.1875   1.6875   0.295528
 0.25   1.6875   0.315806
 0.3125   1.6875   0.339523
 0.375   1.6875   0.365682
 0.4375   1.6875   0.3934
 0.5   1.6875   0.421875
 0.5625   1.6875   0.45035
 0.625   1.6875   0.478068
 0.6875   1.6875   0.504227
 0.75   1.6875   0.527944
 0.8125   1.6875   0.548222
 0.875   1.6875   0.563964
 0.9375   1.6875   0.574049
 1   1.6875   0.577545
 1.0625   1.6875   0.574049
 1.125   1.6875   0.563964
 1.1875   1.6875   0.548222
 1.25   1.6875   0.527944
 1.3125   1.6875   0.504227
 1.375   1.6875   0.478068
 1.4375   1.6875   0.45035
 1.5   1.6875   0.421875
 1.5625   1.6875   0.3934
 1.625   1.6875   0.365682
 1.6875   1.6875   0.339523
 1.75   1.6875   0.315806
 1.8125   1.6875   0.295528
 1.875   1.6875   0.279786
 1.9375   1.6875   0.269701
 2   1.6875   0.266205

 0   1.625   0.279032
 0.0625   1.625   0.281739
 0.125   1.625   0.289637
 0.1875   1.625   0.302149
 0.25   1.625   0.318509
 0.3125   1.625   0.337891
 0.375   1.625   0.359482
 0.4375   1.625   0.382512
 0.5   1.625   0.40625
 0.5625   1.625   0.429988
 0.625   1.625   0.453018
 0.6875   1.625   0.474609
 0.75   1.625   0.493991
 0.8125   1.625   0.510351
 0.875   1.625   0.522863
 0.9375   1.625   0.530761
 1   1.625   0.533468
 1.0625   1.625   0.530761
 1.125   1.625   0.522863
 1.1875   1.625   0.510351
 1.25   1.625   0.493991
 1.3125   1.625   0.474609
 1.375   1.625   0.453018
 1.4375   1.625   0.429988
 1.5   1.625   0.40625
 1.5625   1.625   0.382512
 1.625   1.625   0.359482
 1.6875   1.625   0.337891
 1.75   1.625   0.318509
 1.8125   1.625   0.302149
 1.875   1.625   0.289637
 1.9375   1.625   0.281739
 2   1.625   0.279032

 0   1.5625   0.286445
 0.0625   1.5625   0.288587
 0.125   1.5625   0.294874
 0.1875   1.5625   0.304923
 0.25   1.5625   0.318191
 0.3125   1.5625   0.334049
 0.375   1.5625   0.351842
 0.4375   1.5625   0.370916
 0.5   1.5625   0.390625
 0.5625   1.5625   0.410334
 0.625   1.5625   0.429408
 0.6875   1.5625   0.447201
 0.75   1.5625   0.463059
 0.8125   1.5625   0.476327
 0.875   1.5625   0.486376
 0.9375   1.5625   0.492663
 1   1.5625   0.494805
 1.0625   1.5625   0.492663
 1.125   1.5625   0.486376
 1.1875   1.5625   0.476327
 1.25   1.5625   0.463059
 1.3125   1.5625   0.447201
 1.375   1.5625   0.429408
 1.4375   1.5625   0.410334
 1.5   1.5625   0.390625
 1.5625   1.5625   0.370916
 1.625   1.5625   0.351842
 1.6875   1.5625   0.334049
 1.75   1.5625   0.318191
 1.8125   1.5625   0.304923
 1.875   1.5625   0.294874
 1.9375   1.5625   0.288587
 2   1.5625   0.286445

 0   1.5   0.289572
 0.0625   1.5   0.29129
 0.125   1.5   0.296349
 0.1875   1.5   0.304479
 0.25   1.5   0.315282
 0.3125   1.5   0.328272
 0.375   1.5   0.342922
 0.4375   1.5   0.358683
 0.5   1.5   0.375
 0.5625   1.5   0.391317
 0.625   1.5   0.407078
 0.6875   1.5   0.421728
 0.75   1.5   0.434718
 0.8125   1.5   0.445521
 0.875   1.5   0.453651
 0.9375   1.5   0.45871
 1   1.5   0.460428
 1.0625   1.5   0.45871
 1.125   1.5   0.453651
 1.1875   1.5   0.445521
 1.25   1.5   0.434718
 1.3125   1.5   0.421728
 1.375   1.5   0.407078
 1.4375   1.5   0.391317
 1.5   1.5   0.375
 1.5625   1.5   0.358683
 1.625   1.5   0.342922
 1.6875   1.5   0.328272
 1.75   1.5   0.315282
 1.8125   1.5   0.304479
 1.875   1.5   0.296349
 1.9375   1.5   0.29129
 2   1.5   0.289572

 0   1.4375   0.289264
 0.0625   1.4375   0.290653
 0.125   1.4375   0.294752
 0.1875   1.4375   0.301363
 0.25   1.4375   0.310184
 0.3125   1.4375   0.320836
 0.375   1.4375   0.332892
 0.4375   1.4375   0.345895
 0.5   1.4375   0.359375
 0.5625   1.4375   0.372855
 0.625   1.4375   0.385858
 0.6875   1.4375   0.397914
 0.75   1.4375   0.408566
 0.8125   1.4375   0.417387
 0.875   1.4375   0.423998
 0.9375   1.4375   0.428097
 1   1.4375   0.429486
 1.0625   1.4375   0.428097
 1.125   1.4375   0.423998
 1.1875   1.4375   0.417387
 1.25   1.4375   0.408566
 1.3125   1.4375   0.397914
 1.375   1.4375   0.385858
 1.4375   1.4375   0.372855
 1.5   1.4375   0.359375
 1.5625   1.4375   0.345895
 1.625   1.4375   0.332892
 1.6875   1.4375   0.320836
 1.75   1.4375   0.310184
 1.8125   1.4375   0.301363
 1.875   1.4375   0.294752
 1.9375   1.4375   0.290653
 2   1.4375   0.289264

 0   1.375   0.286176
 0.0625   1.375   0.287306
 0.125   1.375   0.290643
 0.1875   1.375   0.296038
 0.25   1.375   0.303255
 0.3125   1.375   0.311996
 0.375   1.375   0.321914
 0.4375   1.375   0.33263
 0.5   1.375   0.34375
 0.5625   1.375   0.35487
 0.625   1.375   0.365586
 0.6875   1.375   0.375504
 0.75   1.375   0.384245
 0.8125   1.375   0.391462
 0.875   1.375   0.396857
 0.9375   1.375   0.400194
 1   1.375   0.401324
 1.0625   1.375   0.400194
 1.125   1.375   0.396857
 1.1875   1.375   0.391462
 1.25   1.375   0.384245
 1.3125   1.375   0.375504
 1.375   1.375   0.365586
 1.4375   1.375   0.35487
 1.5   1.375   0.34375
 1.5625   1.375   0.33263
 1.625   1.375   0.321914
 1.6875   1.375   0.311996
 1.75   1.375   0.303255
 1.8125   1.375   0.296038
 1.875   1.375   0.290643
 1.9375   1.375   0.287306
 2   1.375   0.286176

 0   1.3125   0.280829
 0.0625   1.3125   0.281751
 0.125   1.3125   0.284477
 0.1875   1.3125   0.288889
 0.25   1.3125   0.294803
 0.3125   1.3125   0.30198
 0.375   1.3125   0.310137
 0.4375   1.3125   0.318962
 0.5   1.3125   0.328125
 0.5625   1.3125   0.337288
 0.625   1.3125   0.346113
 0.6875   1.3125   0.35427
 0.75   1.3125   0.361447
 0.8125   1.3125   0.367361
 0.875   1.3125   0.371773
 0.9375   1.3125   0.374499
 1   1.3125   0.375421
 1.0625   1.3125   0.374499
 1.125   1.3125   0.371773
 1.1875   1.3125   0.367361
 1.25   1.3125   0.361447
 1.3125   1.3125   0.35427
 1.375   1.3125   0.346113
 1.4375   1.3125   0.337288
 1.5   1.3125   0.328125
 1.5625   1.3125   0.318962
 1.625   1.3125   0.310137
 1.6875   1.3125   0.30198
 1.75   1.3125   0.294803
 1.8125   1.3125   0.288889
 1.875   1.3125   0.284477
 1.9375   1.3125   0.281751
 2   1.3125   0.280829

 0   1.25   0.273639
 0.0625   1.25   0.274393
 0.125   1.25   0.276623
 0.1875   1.25   0.280238
 0.25   1.25   0.285089
 0.3125   1.25   0.290984
 0.375   1.25   0.297691
 0.4375   1.25   0.304954
 0.5   1.25   0.3125
 0.5625   1.25   0.320046
 0.625   1.25   0.327309
 0.6875   1.25   0.334016
 0.75   1.25   0.339911
 0.8125   1.25   0.344762
 0.875   1.25   0.348377
 0.9375   1.25   0.350607
 1   1.25   0.351361
 1.0625   1.25   0.350607
 1.125   1.25   0.348377
 1.1875   1.25   0.344762
 1.25   1.25   0.339911
 1.3125   1.25   0.334016
 1.375   1.25   0.327309
 1.4375   1.25   0.320046
 1.5   1.25   0.3125
 1.5625   1.25   0.304954
 1.625   1.25   0.297691
 1.6875   1.25   0.290984
 1.75   1.25   0.285089
 1.8125   1.25   0.280238
 1.875   1.25   0.276623
 1.9375   1.25   0.274393
 2   1.25   0.273639

 0   1.1875   0.26494
 0.0625   1.1875   0.265558
 0.125   1.1875   0.267386
 0.1875   1.1875   0.27035
 0.25   1.1875   0.274332
 0.3125   1.1875   0.279175
 0.375   1.1875   0.284689
 0.4375   1.1875   0.290665
 0.5   1.1875   0.296875
 0.5625   1.1875   0.303085
 0.625   1.1875   0.309061
 0.6875   1.1875   0.314575
 0.75   1.1875   0.319418
 0.8125   1.1875   0.3234
 0.875   1.1875   0.326364
 0.9375   1.1875   0.328192
 1   1.1875   0.32881
 1.0625   1.1875   0.328192
 1.125   1.1875   0.326364
 1.1875   1.1875   0.3234
 1.25   1.1875   0.319418
 1.3125   1.1875   0.314575
 1.375   1.1875   0.309061
 1.4375   1.1875   0.303085
 1.5   1.1875   0.296875
 1.5625   1.1875   0.290665
 1.625   1.1875   0.284689
 1.6875   1.1875   0.279175
 1.75   1.1875   0.274332
 1.8125   1.1875   0.27035
 1.875   1.1875   0.267386
 1.9375   1.1875   0.265558
 2   1.1875   0.26494

 0   1.125   0.255007
 0.0625   1.125   0.255513
 0.125   1.125   0.257013
 0.1875   1.125   0.259445
 0.25   1.125   0.262715
 0.3125   1.125   0.266693
 0.375   1.125   0.271227
 0.4375   1.125   0.276142
 0.5   1.125   0.28125
 0.5625   1.125   0.286358
 0.625   1.125   0.291273
 0.6875   1.125   0.295807
 0.75   1.125   0.299785
 0.8125   1.125   0.303055
 0.875   1.125   0.305487
 0.9375   1.125   0.306987
 1   1.125   0.307493
 1.0625   1.125   0.306987
 1.125   1.125   0.305487
 1.1875   1.125   0.303055
 1.25   1.125   0.299785
 1.3125   1.125   0.295807
 1.375   1.125   0.291273
 1.4375   1.125   0.286358
 1.5   1.125   0.28125
 1.5625   1.125   0.276142
 1.625   1.125   0.271227
 1.6875   1.125   0.266693
 1.75   1.125   0.262715
 1.8125   1.125   0.259445
 1.875   1.125   0.257013
 1.9375   1.125   0.255513
 2   1.125   0.255007

 0   1.0625   0.24406
 0.0625   1.0625   0.244475
 0.125   1.0625   0.245706
 0.1875   1.0625   0.247703
 0.25   1.0625   0.250388
 0.3125   1.0625   0.253657
 0.375   1.0625   0.257384
 0.4375   1.0625   0.261424
 0.5   1.0625   0.265625
 0.5625   1.0625   0.269826
 0.625   1.0625   0.273866
 0.6875   1.0625   0.277593
 0.75   1.0625   0.280862
 0.8125   1.0625   0.283547
 0.875   1.0625   0.285544
 0.9375   1.0625   0.286775
 1   1.0625   0.28719
 1.0625   1.0625   0.286775
 1.125   1.0625   0.285544
 1.1875   1.0625   0.283547
 1.25   1.0625   0.280862
 1.3125   1.0625   0.277593
 1.375   1.0625   0.273866
 1.4375   1.0625   0.269826
 1.5   1.0625   0.265625
 1.5625   1.0625   0.261424
 1.625   1.0625   0.257384
 1.6875   1.0625   0.253657
 1.75   1.0625   0.250388
 1.8125   1.0625   0.247703
 1.875   1.0625   0.245706
 1.9375   1.0625   0.244475
 2   1.0625   0.24406

 0   1   0.232281
 0.0625   1   0.232622
 0.125   1   0.233633
 0.1875   1   0.235272
 0.25   1   0.237478
 0.3125   1   0.240163
 0.375   1   0.243226
 0.4375   1   0.246547
 0.5   1   0.25
 0.5625   1   0.253453
 0.625   1   0.256774
 0.6875   1   0.259837
 0.75   1   0.262522
 0.8125   1   0.264728
 0.875   1   0.266367
 0.9375   1   0.267378
 1   1   0.267719
 1.0625   1   0.267378
 1.125   1   0.266367
 1.1875   1   0.264728
 1.25   1   0.262522
 1.3125   1   0.259837
 1.375   1   0.256774
 1.4375   1   0.253453
 1.5   1   0.25
 1.5625   1   0.246547
 1.625   1   0.243226
 1.6875   1   0.240163
 1.75   1   0.237478
 1.8125   1   0.235272
 1.875   1   0.233633
 1.9375   1   0.232622
 2   1   0.232281

 0   0.9375   0.21982
 0.0625   0.9375   0.220101
 0.125   0.9375   0.22093
 0.1875   0.9375   0.222276
 0.25   0.9375   0.224087
 0.3125   0.9375   0.226293
 0.375   0.9375   0.228809
 0.4375   0.9375   0.231538
 0.5   0.9375   0.234375
 0.5625   0.9375   0.237212
 0.625   0.9375   0.239941
 0.6875   0.9375   0.242457
 0.75   0.9375   0.244663
 0.8125   0.9375   0.246474
 0.875   0.9375   0.24782
 0.9375   0.9375   0.248649
 1   0.9375   0.24893
 1.0625   0.9375   0.248649
 1.125   0.9375   0.24782
 1.1875   0.9375   0.246474
 1.25   0.9375   0.244663
 1.3125   0.9375   0.242457
 1.375   0.9375   0.239941
 1.4375   0.9375   0.237212
 1.5   0.9375   0.234375
 1.5625   0.9375   0.231538
 1.625   0.9375   0.228809
 1.6875   0.9375   0.226293
 1.75   0.9375   0.224087
 1.8125   0.9375   0.222276
 1.875   0.9375   0.22093
 1.9375   0.9375   0.220101
 2   0.9375   0.21982

 0   0.875   0.2068
 0.0625   0.875   0.207029
 0.125   0.875   0.20771
 0.1875   0.875   0.208815
 0.25   0.875   0.210302
 0.3125   0.875   0.212113
 0.375   0.875   0.214179
 0.4375   0.875   0.21642
 0.5   0.875   0.21875
 0.5625   0.875   0.22108
 0.625   0.875   0.223321
 0.6875   0.875   0.225387
 0.75   0.875   0.227198
 0.8125   0.875   0.228685
 0.875   0.875   0.22979
 0.9375   0.875   0.230471
 1   0.875   0.2307
 1.0625   0.875   0.230471
 1.125   0.875   0.22979
 1.1875   0.875   0.228685
 1.25   0.875   0.227198
 1.3125   0.875   0.225387
 1.375   0.875   0.223321
 1.4375   0.875   0.22108
 1.5   0.875   0.21875
 1.5625   0.875   0.21642
 1.625   0.875   0.214179
 1.6875   0.875   0.212113
 1.75   0.875   0.210302
 1.8125   0.875   0.208815
 1.875   0.875   0.20771
 1.9375   0.875   0.207029
 2   0.875   0.2068

 0   0.8125   0.193319
 0.0625   0.8125   0.193508
 0.125   0.8125   0.194066
 0.1875   0.8125   0.194972
 0.25   0.8125   0.196192
 0.3125   0.8125   0.197678
 0.375   0.8125   0.199374
 0.4375   0.8125   0.201213
 0.5   0.8125   0.203125
 0.5625   0.8125   0.205037
 0.625   0.8125   0.206876
 0.6875   0.8125   0.208572
 0.75   0.8125   0.210058
 0.8125   0.8125   0.211278
 0.875   0.8125   0.212184
 0.9375   0.8125   0.212742
 1   0.8125   0.212931
 1.0625   0.8125   0.212742
 1.125   0.8125   0.212184
 1.1875   0.8125   0.211278
 1.25   0.8125   0.210058
 1.3125   0.8125   0.208572
 1.375   0.8125   0.206876
 1.4375   0.8125   0.205037
 1.5   0.8125   0.203125
 1.5625   0.8125   0.201213
 1.625   0.8125   0.199374
 1.6875   0.8125   0.197678
 1.75   0.8125   0.196192
 1.8125   0.8125   0.194972
 1.875   0.8125   0.194066
 1.9375   0.8125   0.193508
 2   0.8125   0.193319

 0   0.75   0.179461
 0.0625   0.75   0.179616
 0.125   0.75   0.180073
 0.1875   0.75   0.180817
 0.25   0.75   0.181816
 0.3125   0.75   0.183035
 0.375   0.75   0.184424
 0.4375   0.75   0.185932
 0.5   0.75   0.1875
 0.5625   0.75   0.189068
 0.625   0.75   0.190576
 0.6875   0.75   0.191965
 0.75   0.75   0.193184
 0.8125   0.75   0.194183
 0.875   0.75   0.194927
 0.9375   0.75   0.195384
 1   0.75   0.195539
 1.0625   0.75   0.195384
 1.125   0.75   0.194927
 1.1875   0.75   0.194183
 1.25   0.75   0.193184
 1.3125   0.75   0.191965
 1.375   0.75   0.190576
 1.4375   0.75   0.189068
 1.5   0.75   0.1875
 1.5625   0.75   0.185932
 1.625   0.75   0.184424
 1.6875   0.75   0.183035
 1.75   0.75   0.181816
 1.8125   0.75   0.180817
 1.875   0.75   0.180073
 1.9375   0.75   0.179616
 2   0.75   0.179461

 0   0.6875   0.165294
 0.0625   0.6875   0.165421
 0.125   0.6875   0.165796
 0.1875   0.6875   0.166404
 0.25   0.6875   0.167222
 0.3125   0.6875   0.168219
 0.375   0.6875   0.169357
 0.4375   0.6875   0.170591
 0.5   0.6875   0.171875
 0.5625   0.6875   0.173159
 0.625   0.6875   0.174393
 0.6875   0.6875   0.175531
 0.75   0.6875   0.176528
 0.8125   0.6875   0.177346
 0.875   0.6875   0.177954
 0.9375   0.6875   0.178329
 1   0.6875   0.178456
 1.0625   0.6875   0.178329
 1.125   0.6875   0.177954
 1.1875   0.6875   0.177346
 1.25   0.6875   0.176528
 1.3125   0.6875   0.175531
 1.375   0.6875   0.174393
 1.4375   0.6875   0.173159
 1.5   0.6875   0.171875
 1.5625   0.6875   0.170591
 1.625   0.6875   0.169357
 1.6875   0.6875   0.168219
 1.75   0.6875   0.167222
 1.8125   0.6875   0.166404
 1.875   0.6875   0.165796
 1.9375   0.6875   0.165421
 2   0.6875   0.165294

 0   0.625   0.150875
 0.0625   0.625   0.150978
 0.125   0.625   0.151284
 0.1875   0.625   0.151781
 0.25   0.625   0.152449
 0.3125   0.625   0.153264
 0.375   0.625   0.154193
 0.4375   0.625   0.155201
 0.5   0.625   0.15625
 0.5625   0.625   0.157299
 0.625   0.625   0.158307
 0.6875   0.625   0.159236
 0.75   0.625   0.160051
 0.8125   0.625   0.160719
 0.875   0.625   0.161216
 0.9375   0.625   0.161522
 1   0.625   0.161625
 1.0625   0.625   0.161522
 1.125   0.625   0.161216
 1.1875   0.625   0.160719
 1.25   0.625   0.160051
 1.3125   0.625   0.159236
 1.375   0.625   0.158307
 1.4375   0.625   0.157299
 1.5   0.625   0.15625
 1.5625   0.625   0.155201
 1.625   0.625   0.154193
 1.6875   0.625   0.153264
 1.75   0.625   0.152449
 1.8125   0.625   0.151781
 1.875   0.625   0.151284
 1.9375   0.625   0.150978
 2   0.625   0.150875

 0   0.5625   0.136248
 0.0625   0.5625   0.136333
 0.125   0.5625   0.136582
 0.1875   0.5625   0.136986
 0.25   0.5625   0.13753
 0.3125   0.5625   0.138194
 0.375   0.5625   0.13895
 0.4375   0.5625   0.139771
 0.5   0.5625   0.140625
 0.5625   0.5625   0.141479
 0.625   0.5625   0.1423
 0.6875   0.5625   0.143056
 0.75   0.5625   0.14372
 0.8125   0.5625   0.144264
 0.875   0.5625   0.144668
 0.9375   0.5625   0.144917
 1   0.5625   0.145002
 1.0625   0.5625   0.144917
 1.125   0.5625   0.144668
 1.1875   0.5625   0.144264
 1.25   0.5625   0.14372
 1.3125   0.5625   0.143056
 1.375   0.5625   0.1423
 1.4375   0.5625   0.141479
 1.5   0.5625   0.140625
 1.5625   0.5625   0.139771
 1.625   0.5625   0.13895
 1.6875   0.5625   0.138194
 1.75   0.5625   0.13753
 1.8125   0.5625   0.136986
 1.875   0.5625   0.136582
 1.9375   0.5625   0.136333
 2   0.5625   0.136248

 0   0.5   0.121454
 0.0625   0.5   0.121522
 0.125   0.5   0.121724
 0.1875   0.5   0.122052
 0.25   0.5   0.122493
 0.3125   0.5   0.12303
 0.375   0.5   0.123643
 0.4375   0.5   0.124308
 0.5   0.5   0.125
 0.5625   0.5   0.125692
 0.625   0.5   0.126357
 0.6875   0.5   0.12697
 0.75   0.5   0.127507
 0.8125   0.5   0.127948
 0.875   0.5   0.128276
 0.9375   0.5   0.128478
 1   0.5   0.128546
 1.0625   0.5   0.128478
 1.125   0.5   0.128276
 1.1875   0.5   0.127948
 1.25   0.5   0.127507
 1.3125   0.5   0.12697
 1.375   0.5   0.126357
 1.4375   0.5   0.125692
 1.5   0.5   0.125
 1.5625   0.5   0.124308
 1.625   0.5   0.123643
 1.6875   0.5   0.12303
 1.75   0.5   0.122493
 1.8125   0.5   0.122052
 1.875   0.5   0.121724
 1.9375   0.5   0.121522
 2   0.5   0.121454

 0   0.4375   0.106523
 0.0625   0.4375   0.106578
 0.125   0.4375   0.10674
 0.1875   0.4375   0.107004
 0.25   0.4375   0.107358
 0.3125   0.4375   0.107791
 0.375   0.4375   0.108284
 0.4375   0.4375   0.108819
 0.5   0.4375   0.109375
 0.5625   0.4375   0.109931
 0.625   0.4375   0.110466
 0.6875   0.4375   0.110959
 0.75   0.4375   0.111392
 0.8125   0.4375   0.111746
 0.875   0.4375   0.11201
 0.9375   0.4375   0.112172
 1   0.4375   0.112227
 1.0625   0.4375   0.112172
 1.125   0.4375   0.11201
 1.1875   0.4375   0.111746
 1.25   0.4375   0.111392
 1.3125   0.4375   0.110959
 1.375   0.4375   0.110466
 1.4375   0.4375   0.109931
 1.5   0.4375   0.109375
 1.5625   0.4375   0.108819
 1.625   0.4375   0.108284
 1.6875   0.4375   0.107791
 1.75   0.4375   0.107358
 1.8125   0.4375   0.107004
 1.875   0.4375   0.10674
 1.9375   0.4375   0.106578
 2   0.4375   0.106523

 0   0.375   0.0914825
 0.0625   0.375   0.0915261
 0.125   0.375   0.0916551
 0.1875   0.375   0.0918647
 0.25   0.375   0.0921467
 0.3125   0.375   0.0924903
 0.375   0.375   0.0928823
 0.4375   0.375   0.0933076
 0.5   0.375   0.09375
 0.5625   0.375   0.0941924
 0.625   0.375   0.0946177
 0.6875   0.375   0.0950097
 0.75   0.375   0.0953533
 0.8125   0.375   0.0956353
 0.875   0.375   0.0958449
 0.9375   0.375   0.0959739
 1   0.375   0.0960175
 1.0625   0.375   0.0959739
 1.125   0.375   0.0958449
 1.1875   0.375   0.0956353
 1.25   0.375   0.0953533
 1.3125   0.375   0.0950097
 1.375   0.375   0.0946177
 1.4375   0.375   0.0941924
 1.5   0.375   0.09375
 1.5625   0.375   0.0933076
 1.625   0.375   0.0928823
 1.6875   0.375   0.0924903
 1.75   0.375   0.0921467
 1.8125   0.375   0.0918647
 1.875   0.375   0.0916551
 1.9375   0.375   0.0915261
 2   0.375   0.0914825

 0   0.3125   0.0763549
 0.0625   0.3125   0.0763889
 0.125   0.3125   0.0764896
 0.1875   0.3125   0.0766532
 0.25   0.3125   0.0768733
 0.3125   0.3125   0.0771416
 0.375   0.3125   0.0774476
 0.4375   0.3125   0.0777797
 0.5   0.3125   0.078125
 0.5625   0.3125   0.0784703
 0.625   0.3125   0.0788024
 0.6875   0.3125   0.0791084
 0.75   0.3125   0.0793767
 0.8125   0.3125   0.0795968
 0.875   0.3125   0.0797604
 0.9375   0.3125   0.0798611
 1   0.3125   0.0798951
 1.0625   0.3125   0.0798611
 1.125   0.3125   0.0797604
 1.1875   0.3125   0.0795968
 1.25   0.3125   0.0793767
 1.3125   0.3125   0.0791084
 1.375   0.3125   0.0788024
 1.4375   0.3125   0.0784703
 1.5   0.3125   0.078125
 1.5625   0.3125   0.0777797
 1.625   0.3125   0.0774476
 1.6875   0.3125   0.0771416
 1.75   0.3125   0.0768733
 1.8125   0.3125   0.0766532
 1.875   0.3125   0.0764896
 1.9375   0.3125   0.0763889
 2   0.3125   0.0763549

 0   0.25   0.0611592
 0.0625   0.25   0.061185
 0.125   0.25   0.0612613
 0.1875   0.25   0.0613852
 0.25   0.25   0.0615519
 0.3125   0.25   0.0617551
 0.375   0.25   0.0619869
 0.4375   0.25   0.0622384
 0.5   0.25   0.0625
 0.5625   0.25   0.0627616
 0.625   0.25   0.0630131
 0.6875   0.25   0.0632449
 0.75   0.25   0.0634481
 0.8125   0.25   0.0636148
 0.875   0.25   0.0637387
 0.9375   0.25   0.063815
 1   0.25   0.0638408
 1.0625   0.25   0.063815
 1.125   0.25   0.0637387
 1.1875   0.25   0.0636148
 1.25   0.25   0.0634481
 1.3125   0.25   0.0632449
 1.375   0.25   0.0630131
 1.4375   0.25   0.0627616
 1.5   0.25   0.0625
 1.5625   0.25   0.0622384
 1.625   0.25   0.0619869
 1.6875   0.25   0.0617551
 1.75   0.25   0.0615519
 1.8125   0.25   0.0613852
 1.875   0.25   0.0612613
 1.9375   0.25   0.061185
 2   0.25   0.0611592

 0   0.1875   0.0459121
 0.0625   0.1875   0.0459306
 0.125   0.1875   0.0459854
 0.1875   0.1875   0.0460744
 0.25   0.1875   0.0461941
 0.3125   0.1875   0.04634
 0.375   0.1875   0.0465065
 0.4375   0.1875   0.0466871
 0.5   0.1875   0.046875
 0.5625   0.1875   0.0470629
 0.625   0.1875   0.0472435
 0.6875   0.1875   0.04741
 0.75   0.1875   0.0475559
 0.8125   0.1875   0.0476756
 0.875   0.1875   0.0477646
 0.9375   0.1875   0.0478194
 1   0.1875   0.0478379
 1.0625   0.1875   0.0478194
 1.125   0.1875   0.0477646
 1.1875   0.1875   0.0476756
 1.25   0.1875   0.0475559
 1.3125   0.1875   0.04741
 1.375   0.1875   0.0472435
 1.4375   0.1875   0.0470629
 1.5   0.1875   0.046875
 1.5625   0.1875   0.0466871
 1.625   0.1875   0.0465065
 1.6875   0.1875   0.04634
 1.75   0.1875   0.0461941
 1.8125   0.1875   0.0460744
 1.875   0.1875   0.0459854
 1.9375   0.1875   0.0459306
 2   0.1875   0.0459121

 0   0.125   0.0306279
 0.0625   0.125   0.0306398
 0.125   0.125   0.0306752
 0.1875   0.125   0.0307327
 0.25   0.125   0.0308101
 0.3125   0.125   0.0309044
 0.375   0.125   0.0310119
 0.4375   0.125   0.0311286
 0.5   0.125   0.03125
 0.5625   0.125   0.0313714
 0.625   0.125   0.0314881
 0.6875   0.125   0.0315956
 0.75   0.125   0.0316899
 0.8125   0.125   0.0317673
 0.875   0.125   0.0318248
 0.9375   0.125   0.0318602
 1   0.125   0.0318721
 1.0625   0.125   0.0318602
 1.125   0.125   0.0318248
 1.1875   0.125   0.0317673
 1.25   0.125   0.0316899
 1.3125   0.125   0.0315956
 1.375   0.125   0.0314881
 1.4375   0.125   0.0313714
 1.5   0.125   0.03125
 1.5625   0.125   0.0311286
 1.625   0.125   0.0310119
 1.6875   0.125   0.0309044
 1.75   0.125   0.0308101
 1.8125   0.125   0.0307327
 1.875   0.125   0.0306752
 1.9375   0.125   0.0306398
 2   0.125   0.0306279

 0   0.0625   0.0153198
 0.0625   0.0625   0.0153257
 0.125   0.0625   0.015343
 0.1875   0.0625   0.0153712
 0.25   0.0625   0.0154092
 0.3125   0.0625   0.0154554
 0.375   0.0625   0.0155082
 0.4375   0.0625   0.0155655
 0.5   0.0625   0.015625
 0.5625   0.0625   0.0156845
 0.625   0.0625   0.0157418
 0.6875   0.0625   0.0157946
 0.75   0.0625   0.0158408
 0.8125   0.0625   0.0158788
 0.875   0.0625   0.015907
 0.9375   0.0625   0.0159243
 1   0.0625   0.0159302
 1.0625   0.0625   0.0159243
 1.125   0.0625   0.015907
 1.1875   0.0625   0.0158788
 1.25   0.0625   0.0158408
 1.3125   0.0625   0.0157946
 1.375   0.0625   0.0157418
 1.4375   0.0625   0.0156845
 1.5   0.0625   0.015625
 1.5625   0.0625   0.0155655
 1.625   0.0625   0.0155082
 1.6875   0.0625   0.0154554
 1.75   0.0625   0.0154092
 1.8125   0.0625   0.0153712
 1.875   0.0625   0.015343
 1.9375   0.0625   0.0153257
 2   0.0625   0.0153198

 0   0   0
 0.0625   0   0
 0.125   0   0
 0.1875   0   0
 0.25   0   0
 0.3125   0   0
 0.375   0   0
 0.4375   0   0
 0.5   0   0
 0.5625   0   0
 0.625   0   0
 0.6875   0   0
 0.75   0   0
 0.8125   0   0
 0.875   0   0
 0.9375   0   0
 1   0   0
 1.0625   0   0
 1.125   0   0
 1.1875   0   0
 1.25   0   0
 1.3125   0   0
 1.375   0   0
 1.4375   0   0
 1.5   0   0
 1.5625   0   0
 1.625   0   0
 1.6875   0   0
 1.75   0   0
 1.8125   0   0
 1.875   0   0
 1.9375   0   0
 2   0   0